0 7 1663681481.63761
11 3 77 1663681482.639661
1 1 1663681487.647749
0 7 1663681488.650159
11 3 77 1663681489.652408
1 1 1663681494.660624
0 7 1663681495.662801
11 3 77 1663681496.664864
1 1 1663681501.67329
0 7 1663681502.675294
11 3 77 1663681503.677072
1 1 1663681508.685881
0 7 1663681509.688327
11 3 77 1663681510.691193
1 1 1663681515.69834
0 7 1663681516.701795
11 3 77 1663681517.702195
1 1 1663681522.711265
0 7 1663681523.712736
11 3 77 1663681524.71506
1 1 1663681529.723108
0 7 1663681530.726109
11 3 77 1663681531.727949
1 1 1663681536.73639
0 7 1663681537.738456
11 3 77 1663681538.740999
1 1 1663681543.749024
0 7 1663681544.75084
11 3 77 1663681545.753156
1 1 1663681550.761569
0 7 1663681551.765356
11 3 77 1663681552.765633
1 1 1663681557.774624
0 7 1663681558.776539
11 3 77 1663681559.777938
1 1 1663681564.786793
0 7 1663681565.789028
11 3 77 1663681566.793345
1 1 1663681571.799103
0 7 1663681572.801086
11 3 77 1663681573.80567
1 1 1663681985.544905
0 7 1663681986.547066
11 3 77 1663681987.548646
1 1 1663681992.557859
0 7 1663681993.559957
11 3 77 1663681994.56162
1 1 1663681999.570127
0 7 1663682000.572453
11 3 77 1663682001.574616
1 1 1663682006.583298
0 7 1663682007.584912
11 3 77 1663682008.586898
1 1 1663682013.595802
0 7 1663682014.597506
11 3 77 1663682015.599491
1 1 1663682020.608489
0 7 1663682021.610135
11 3 77 1663682022.612558
1 1 1663682027.620569
0 7 1663682028.622983
11 3 77 1663682029.625305
1 1 1663682034.633823
0 7 1663682035.635795
11 3 77 1663682036.63763
1 1 1663682041.645993
0 7 1663682042.648493
11 3 77 1663682043.650074
1 1 1663682048.658618
0 7 1663682049.660694
11 3 77 1663682050.663631
1 1 1663682055.671409
0 7 1663682056.673951
11 3 77 1663682057.675762
1 1 1663682062.684584
0 7 1663682063.685926
11 3 77 1663682064.68849
1 1 1663682069.696923
0 7 1663682070.698696
11 3 77 1663682071.701203
1 1 1663682076.70908
0 7 1663682077.711174
11 3 77 1663682078.713651
1 1 1663682083.722169
0 7 1663682084.724437
11 3 77 1663682085.727622
1 1 1663682090.734441
0 7 1663682091.737373
11 3 77 1663682092.738954
1 1 1663682097.747263
0 7 1663682098.749956
11 3 77 1663682099.752068
1 1 1663682104.759953
0 7 1663682105.762151
11 3 77 1663682106.764281
1 1 1663682111.772796
0 7 1663682112.774667
11 3 77 1663682113.78314
1 1 1663682118.785255
0 7 1663682119.787306
11 3 77 1663682120.789625
1 1 1663682125.797665
0 7 1663682126.799499
11 3 77 1663682127.805497
1 1 1663683178.615852
0 7 1663683179.617871
11 3 77 1663683180.620634
1 1 1663683185.628865
1 1 1663684272.587655
0 7 1663684273.589649
11 3 77 1663684274.591987
1 1 1663684279.600509
0 7 1663684280.60276
11 3 77 1663684281.604274
1 1 1663684286.613232
0 7 1663684287.615775
11 3 77 1663684288.617429
1 1 1663684293.625605
1 1 1663684300.638641
0 7 1663684301.640581
11 3 77 1663684302.642376
1 1 1663684307.6513
0 7 1663684308.654002
11 3 77 1663684309.655815
1 1 1663684314.663898
0 7 1663684315.666719
11 3 77 1663684316.668662
1 1 1663684321.676272
0 7 1663684322.678543
11 3 77 1663684323.681111
1 1 1663684328.68983
0 7 1663684329.691819
11 3 77 1663684330.693791
1 1 1663684335.702237
0 7 1663684336.705655
11 3 77 1663684337.70665
1 1 1663684342.715095
0 7 1663684343.716649
11 3 77 1663684344.718821
1 1 1663684349.727862
0 7 1663684350.729457
11 3 77 1663684351.731942
1 1 1663684356.740408
0 7 1663684357.741809
11 3 77 1663684358.74501
1 1 1663684363.752927
0 7 1663684364.755259
11 3 77 1663684365.756904
1 1 1663684370.765714
11 3 77 1663684372.770229
1 1 1663684377.778134
0 7 1663684378.780735
11 3 77 1663684379.782769
1 1 1663684384.791217
0 7 1663684385.793018
11 3 77 1663684386.795344
1 1 1663684391.804046
1 1 1663684398.816813
0 7 1663684399.818208
11 3 77 1663684400.820328
1 1 1663684405.829266
0 7 1663684406.830955
11 3 77 1663684407.83297
1 1 1663684412.84167
0 7 1663684413.844435
11 3 77 1663684414.846279
1 1 1663684419.854522
0 7 1663684420.85687
11 3 77 1663684421.858753
1 1 1663684426.866906
0 7 1663684427.869341
11 3 77 1663684428.871352
1 1 1663684433.882339
0 7 1663684434.881784
11 3 77 1663684435.883833
1 1 1663684440.892527
0 7 1663684441.894816
11 3 77 1663684442.896563
1 1 1663684447.905359
0 7 1663684448.907697
11 3 77 1663684449.909013
1 1 1663684454.918068
0 7 1663684455.920432
11 3 77 1663684456.922591
1 1 1663684461.930811
0 7 1663684462.932935
11 3 77 1663684463.934649
1 1 1663684468.94398
0 7 1663684469.945777
11 3 77 1663684470.94742
1 1 1663684475.956685
0 7 1663684476.95823
11 3 77 1663684477.96035
1 1 1663684482.968733
0 7 1663684483.970401
11 3 77 1663684484.973068
1 1 1663684489.98169
0 7 1663684490.984081
11 3 77 1663684491.985882
1 1 1663684496.993966
0 7 1663684497.9966
11 3 77 1663684498.998618
1 1 1663684504.007066
0 7 1663684505.009146
11 3 77 1663684506.011019
1 1 1663684511.019717
0 7 1663684512.021894
11 3 77 1663684513.024155
1 1 1663684518.032551
0 7 1663684519.034782
11 3 77 1663684520.036876
1 1 1663684525.045366
0 7 1663684526.047209
11 3 77 1663684527.050527
1 1 1663684532.058041
0 7 1663684533.059468
11 3 77 1663684534.0617
1 1 1663684539.07037
0 7 1663684540.072462
11 3 77 1663684541.075058
1 1 1663684546.083174
0 7 1663684547.084995
11 3 77 1663684548.087364
1 1 1663684553.09548
0 7 1663684554.098095
11 3 77 1663684555.1005
1 1 1663684560.108961
0 7 1663684561.110658
11 3 77 1663684562.113291
1 1 1663684567.121552
0 7 1663684568.123745
11 3 77 1663684569.125586
1 1 1663684574.133813
1 1 1663684581.146827
0 7 1663684582.14948
11 3 77 1663684583.151093
1 1 1663684588.159514
0 7 1663684589.161189
11 3 77 1663684590.163576
1 1 1663684595.172316
0 7 1663684596.174519
11 3 77 1663684597.17655
1 1 1663684602.184933
0 7 1663684603.186657
11 3 77 1663684604.189352
1 1 1663684609.197445
0 7 1663684610.199749
11 3 77 1663684611.201774
1 1 1663684616.210571
0 7 1663684617.212235
11 3 77 1663684618.214438
1 1 1663684623.223256
0 7 1663684624.302178
11 3 77 1663684625.254428
1 1 1663684630.23581
0 7 1663684631.237954
11 3 77 1663684632.239826
1 1 1663684637.248448
0 7 1663684638.250615
11 3 77 1663684639.25363
1 1 1663684644.261372
0 7 1663684645.264056
11 3 77 1663684646.265518
1 1 1663684651.273881
0 7 1663684652.275574
11 3 77 1663684653.277997
1 1 1663684658.286768
0 7 1663684659.289023
11 3 77 1663684660.290896
1 1 1663684665.299353
0 7 1663684666.301633
11 3 77 1663684667.303087
1 1 1663684672.312066
0 7 1663684673.314175
11 3 77 1663684674.316107
1 1 1663684679.32451
0 7 1663684680.326922
11 3 77 1663684681.329036
1 1 1663684686.337653
0 7 1663684687.339766
11 3 77 1663684688.34161
1 1 1663684693.35231
0 7 1663684694.352123
11 3 77 1663684695.353929
1 1 1663684700.363733
0 7 1663684701.364739
11 3 77 1663684702.366927
1 1 1663684707.375738
0 7 1663684708.377645
11 3 77 1663684709.379928
1 1 1663684714.388385
0 7 1663684715.390238
11 3 77 1663684716.392657
1 1 1663684721.401054
0 7 1663684722.403229
11 3 77 1663684723.405143
1 1 1663684728.413859
0 7 1663684729.416172
11 3 77 1663684730.418124
1 1 1663684735.43012
0 7 1663684736.428107
11 3 77 1663684737.430601
1 1 1663684742.439233
0 7 1663684743.44173
11 3 77 1663684744.443032
1 1 1663684749.451959
0 7 1663684750.454119
11 3 77 1663684751.455954
1 1 1663684756.464388
0 7 1663684757.466599
11 3 77 1663684758.469146
1 1 1663684763.477228
0 7 1663684764.479136
11 3 77 1663684765.481441
1 1 1663684770.490074
0 7 1663684771.491882
11 3 77 1663684772.494294
1 1 1663684777.502763
0 7 1663684778.504563
11 3 77 1663684779.506923
1 1 1663684784.515464
0 7 1663684785.517928
11 3 77 1663684786.519306
1 1 1663684791.528276
0 7 1663684792.530352
11 3 77 1663684793.532668
1 1 1663684798.54043
0 7 1663684799.542672
11 3 77 1663684800.544742
1 1 1663684805.55375
0 7 1663684806.555896
11 3 77 1663684807.560941
1 1 1663684812.565919
0 7 1663684813.569191
11 3 77 1663684814.570065
1 1 1663684819.578605
0 7 1663684820.581084
11 3 77 1663684821.582951
1 1 1663684826.591384
0 7 1663684827.601726
1 1 1663684833.604396
0 7 1663684834.606693
11 3 77 1663684835.609117
1 1 1663684840.617251
0 7 1663684841.631356
11 3 77 1663684842.62117
1 1 1663684847.630516
0 7 1663684848.631583
11 3 77 1663684849.633607
1 1 1663684854.642748
0 7 1663684932.784232
11 3 77 1663684933.786137
1 1 1663684938.795586
0 7 1663684939.797652
11 3 77 1663684940.799442
1 1 1663684945.808151
0 7 1663684946.809669
11 3 77 1663684947.812039
1 1 1663684952.820735
0 7 1663684953.823154
11 3 77 1663684954.8251
1 1 1663684959.833615
0 7 1663684960.83539
11 3 77 1663684961.837069
1 1 1663684966.84607
11 3 77 1663685326.495514
1 1 1663685331.503998
0 7 1663685332.506696
11 3 77 1663685333.507889
1 1 1663685338.516168
0 7 1663685339.519113
1 1 1663685345.5295
0 7 1663685346.531318
11 3 77 1663685347.533408
1 1 1663685352.542869
0 7 1663685353.543968
11 3 77 1663685354.54577
1 1 1663685359.554333
0 7 1663685360.557249
11 3 77 1663685361.558603
1 1 1663685366.566615
0 7 1663685367.568891
11 3 77 1663685368.570958
1 1 1663685373.579489
0 7 1663685374.582053
11 3 77 1663685375.584004
1 1 1663685380.59273
0 7 1663685381.594456
11 3 77 1663685382.596295
1 1 1663685387.605499
0 7 1663685388.607204
11 3 77 1663685389.609134
1 1 1663685394.617265
0 7 1663685395.619615
11 3 77 1663685396.621732
1 1 1663685401.630095
0 7 1663685402.632509
11 3 77 1663685403.634934
1 1 1663685408.642952
0 7 1663685409.645053
11 3 77 1663685410.646782
1 1 1663685415.65575
0 7 1663685416.657857
11 3 77 1663685417.659659
1 1 1663685422.668179
0 7 1663685423.670443
11 3 77 1663685424.672547
1 1 1663685429.681155
0 7 1663685430.683019
11 3 77 1663685431.685111
1 1 1663685436.694089
0 7 1663685437.695767
11 3 77 1663685438.69771
1 1 1663685443.706356
0 7 1663685444.708323
11 3 77 1663685445.710412
1 1 1663685450.719616
0 7 1663685451.721091
11 3 77 1663685452.723512
1 1 1663685457.731293
0 7 1663685458.733831
11 3 77 1663685459.73581
1 1 1663685464.744431
0 7 1663685465.746335
11 3 77 1663685466.749114
1 1 1663685471.75683
0 7 1663685472.758943
11 3 77 1663685473.76098
1 1 1663685478.769633
0 7 1663685479.771813
11 3 77 1663685480.77369
1 1 1663685485.782573
0 7 1663685486.783929
11 3 77 1663685487.78625
1 1 1663685492.794938
0 7 1663685493.796914
11 3 77 1663685494.798867
1 1 1663685499.807586
0 7 1663685500.812898
11 3 77 1663685501.81153
1 1 1663685506.820003
0 7 1663685507.822153
11 3 77 1663685508.824521
1 1 1663685513.833021
0 7 1663685514.834837
11 3 77 1663685515.83694
1 1 1663685520.845392
0 7 1663685521.847486
11 3 77 1663685522.849625
1 1 1663685527.858297
0 7 1663685528.860038
11 3 77 1663685529.862303
1 1 1663685534.871039
0 7 1663685535.872772
11 3 77 1663685536.874981
1 1 1663685541.883135
0 7 1663685542.885684
11 3 77 1663685543.887545
1 1 1663685548.896096
0 7 1663685549.898276
11 3 77 1663685550.900268
1 1 1663685555.908252
0 7 1663685556.9753
11 3 77 1663685557.912837
1 1 1663685562.9255
0 7 1663685563.923287
11 3 77 1663685564.925426
1 1 1663685569.934007
0 7 1663685570.936606
11 3 77 1663685571.938062
1 1 1663685576.949977
0 7 1663685577.948598
11 3 77 1663685578.950874
1 1 1663685583.959334
0 7 1663685584.961293
11 3 77 1663685585.963444
1 1 1663685590.971998
0 7 1663685591.974008
11 3 77 1663685592.976424
1 1 1663685597.984743
0 7 1663685598.986814
11 3 77 1663685599.988645
1 1 1663685604.996861
0 7 1663685605.9994
11 3 77 1663685607.000944
1 1 1663685612.009572
0 7 1663685613.01187
11 3 77 1663685614.014035
1 1 1663685619.022149
0 7 1663685620.024644
11 3 77 1663685621.026699
1 1 1663685626.035133
0 7 1663685627.037314
11 3 77 1663685628.039149
1 1 1663685633.047649
0 7 1663685634.049675
11 3 77 1663685635.051985
1 1 1663685640.060269
0 7 1663685641.062574
11 3 77 1663685642.0646
1 1 1663685647.078772
0 7 1663685648.075082
11 3 77 1663685649.077326
1 1 1663685654.085425
0 7 1663685655.087774
11 3 77 1663685656.089915
1 1 1663685661.098601
0 7 1663685662.100382
11 3 77 1663685663.102766
1 1 1663685668.110924
0 7 1663685669.112933
11 3 77 1663685670.117722
1 1 1663685675.123246
0 7 1663685676.125329
11 3 77 1663685677.127233
1 1 1663685682.136409
0 7 1663685683.138157
11 3 77 1663685684.14032
1 1 1663685689.149202
0 7 1663685690.151805
11 3 77 1663685691.152891
1 1 1663685696.161633
0 7 1663685697.163357
11 3 77 1663685698.165508
1 1 1663685703.173908
0 7 1663685704.175948
11 3 77 1663685705.177997
1 1 1663685710.186838
0 7 1663685711.188892
11 3 77 1663685712.191108
1 1 1663685717.199321
0 7 1663685718.201804
11 3 77 1663685719.203353
1 1 1663685724.211901
0 7 1663685725.214465
11 3 77 1663685726.216188
1 1 1663685731.224934
0 7 1663685732.226172
11 3 77 1663685733.228765
1 1 1663685738.237401
0 7 1663685739.239114
11 3 77 1663685740.241372
1 1 1663685745.249902
0 7 1663685746.252214
11 3 77 1663685747.253963
1 1 1663685752.262883
0 7 1663685753.264914
11 3 77 1663685754.267229
1 1 1663685759.275339
0 7 1663685760.277259
11 3 77 1663685761.279328
1 1 1663685766.287378
0 7 1663685767.290263
11 3 77 1663685768.292309
1 1 1663685773.300759
0 7 1663685774.30217
11 3 77 1663685775.304124
1 1 1663685780.313242
0 7 1663685781.315574
11 3 77 1663685782.317209
1 1 1663685787.325961
0 7 1663685788.328169
11 3 77 1663685789.329955
1 1 1663685794.33828
0 7 1663685795.340396
11 3 77 1663685796.342375
1 1 1663685801.351327
0 7 1663685802.353167
11 3 77 1663685803.355195
1 1 1663685808.363529
0 7 1663685809.366077
11 3 77 1663685810.367816
1 1 1663685815.376553
0 7 1663685816.378456
11 3 77 1663685817.380165
1 1 1663685822.388919
0 7 1663685823.39116
11 3 77 1663685824.393427
1 1 1663685829.475923
0 7 1663685830.499886
11 3 77 1663685831.405967
1 1 1663685836.414413
0 7 1663685837.416642
11 3 77 1663685838.418407
1 1 1663685843.427122
0 7 1663685844.429157
11 3 77 1663685845.431257
1 1 1663685850.439201
0 7 1663685851.441479
11 3 77 1663685852.443884
1 1 1663685857.452033
0 7 1663685858.454494
11 3 77 1663685859.456203
1 1 1663685864.465062
0 7 1663685865.467063
11 3 77 1663685866.469608
1 1 1663685871.477896
0 7 1663685872.47977
11 3 77 1663685873.482319
1 1 1663685878.490347
0 7 1663685879.492548
11 3 77 1663685880.494592
1 1 1663685885.505204
0 7 1663685886.504473
11 3 77 1663685887.506872
1 1 1663685892.515775
0 7 1663685893.517317
11 3 77 1663685894.519983
1 1 1663685899.528079
0 7 1663685900.530575
11 3 77 1663685901.532517
1 1 1663685906.540884
0 7 1663685907.542598
11 3 77 1663685908.545084
1 1 1663685913.553583
0 7 1663685914.55573
11 3 77 1663685915.557423
1 1 1663685920.565918
0 7 1663685921.568149
11 3 77 1663685922.57033
1 1 1663685927.579221
0 7 1663685928.580787
11 3 77 1663685929.583078
1 1 1663685934.591821
0 7 1663685935.593442
11 3 77 1663685936.595508
1 1 1663685941.604211
0 7 1663685942.606295
11 3 77 1663685943.608517
1 1 1663685948.616912
0 7 1663685949.619018
11 3 77 1663685950.620516
1 1 1663685955.629431
0 7 1663685956.631829
11 3 77 1663685957.633543
1 1 1663685962.642226
0 7 1663685963.644253
11 3 77 1663685964.64654
1 1 1663685969.654788
11 3 77 1663685971.659104
1 1 1663685976.667746
0 7 1663685977.669819
11 3 77 1663685978.672133
1 1 1663685983.679853
0 7 1663685984.68178
11 3 77 1663685985.684524
1 1 1663685990.692764
0 7 1663685991.694814
11 3 77 1663685992.697197
1 1 1663685997.705188
0 7 1663685998.708081
11 3 77 1663685999.709792
1 1 1663686004.718345
0 7 1663686005.720268
11 3 77 1663686006.722737
1 1 1663686011.731173
0 7 1663686012.732765
11 3 77 1663686013.734915
1 1 1663686018.743436
0 7 1663686019.745997
11 3 77 1663686020.748144
1 1 1663686025.755821
0 7 1663686026.758146
11 3 77 1663686027.759839
1 1 1663686032.769063
0 7 1663686033.771351
11 3 77 1663686034.772962
1 1 1663686039.781447
0 7 1663686040.783466
11 3 77 1663686041.78577
1 1 1663686046.794188
0 7 1663686047.796029
11 3 77 1663686048.797961
1 1 1663686053.807299
0 7 1663686054.808983
11 3 77 1663686055.810748
1 1 1663686060.819284
0 7 1663686061.82149
11 3 77 1663686062.823798
1 1 1663686067.832463
0 7 1663686068.834176
11 3 77 1663686069.836222
1 1 1663686074.847123
0 7 1663686075.846614
11 3 77 1663686076.854117
1 1 1663686081.857615
0 7 1663686082.861613
11 3 77 1663686083.861613
1 1 1663686088.872142
0 7 1663686335.315978
11 3 77 1663686336.318085
1 1 1663686341.326986
0 7 1663686342.329229
11 3 77 1663686343.331155
1 1 1663686348.339731
0 7 1663686349.342194
11 3 77 1663686350.344075
1 1 1663686355.352769
0 7 1663686356.354949
11 3 77 1663686357.356672
1 1 1663686362.36512
0 7 1663686363.36722
11 3 77 1663686364.369594
1 1 1663686369.377798
0 7 1663686370.38017
11 3 77 1663686371.385091
1 1 1663686376.390412
0 7 1663686377.396227
11 3 77 1663686378.39443
1 1 1663686383.403009
0 7 1663686384.405329
11 3 77 1663686385.407017
1 1 1663686390.415654
0 7 1663686391.418293
11 3 77 1663686392.41986
1 1 1663686397.428508
0 7 1663686398.430514
1 1 1663686404.441721
0 7 1663686405.443342
11 3 77 1663686406.445591
1 1 1663686411.453621
0 7 1663686412.456227
11 3 77 1663686413.457937
1 1 1663686418.46679
0 7 1663686419.468447
11 3 77 1663686420.470701
1 1 1663686425.479244
1 1 1663686453.530072
0 7 1663686454.531898
11 3 77 1663686455.533975
1 1 1663686460.542585
0 7 1663686461.545007
11 3 77 1663686462.547309
1 1 1663686467.555015
0 7 1663686468.557528
11 3 77 1663686469.559244
1 1 1663686474.568103
0 7 1663686475.569711
11 3 77 1663686476.57223
1 1 1663686481.580335
0 7 1663686482.58262
11 3 77 1663686483.585269
1 1 1663686488.593934
0 7 1663686489.595129
11 3 77 1663686490.597038
1 1 1663686495.605965
0 7 1663686496.607975
11 3 77 1663686497.610399
1 1 1663686502.618442
0 7 1663686503.62093
11 3 77 1663686504.623179
1 1 1663686509.631394
0 7 1663686510.633787
11 3 77 1663686511.635582
1 1 1663686516.64422
0 7 1663686517.646046
11 3 77 1663686518.64776
1 1 1663686523.656658
0 7 1663686524.658823
11 3 77 1663686525.661363
1 1 1663686530.668952
0 7 1663686531.671417
11 3 77 1663686532.673171
1 1 1663686537.682564
0 7 1663686538.684015
11 3 77 1663686539.686425
1 1 1663686544.69505
0 7 1663686545.696691
11 3 77 1663686546.698547
1 1 1663686551.706896
0 7 1663686552.709138
11 3 77 1663686553.711693
1 1 1663686558.719567
0 7 1663686559.72224
11 3 77 1663686560.724268
1 1 1663686565.732891
0 7 1663686566.734887
11 3 77 1663686567.737108
1 1 1663686572.745086
0 7 1663686573.747427
11 3 77 1663686574.749065
1 1 1663686579.757998
0 7 1663686580.763025
11 3 77 1663686581.761995
1 1 1663686586.770793
0 7 1663686587.772958
11 3 77 1663686588.774848
1 1 1663686593.783107
0 7 1663686594.785603
11 3 77 1663686595.787896
1 1 1663686600.796395
0 7 1663686601.798646
11 3 77 1663686602.79992
1 1 1663686607.808646
0 7 1663686608.810651
11 3 77 1663686609.813392
1 1 1663686614.821543
0 7 1663686615.823585
11 3 77 1663686616.825916
1 1 1663686621.834115
0 7 1663686622.836549
11 3 77 1663686623.838515
1 1 1663686628.84691
0 7 1663686629.848839
11 3 77 1663686630.85077
1 1 1663686635.859629
0 7 1663686636.861648
11 3 77 1663686637.864066
1 1 1663686642.871832
0 7 1663686643.874229
11 3 77 1663686644.8765
1 1 1663686649.884836
0 7 1663686650.887583
11 3 77 1663686651.888954
1 1 1663686656.897443
0 7 1663686657.899775
11 3 77 1663686658.901667
1 1 1663686663.910083
0 7 1663686664.911911
11 3 77 1663686665.914185
1 1 1663686670.922582
0 7 1663686671.924933
11 3 77 1663686672.926926
1 1 1663686677.935266
0 7 1663686678.937289
11 3 77 1663686679.939923
1 1 1663686684.948536
0 7 1663686685.950071
11 3 77 1663686686.952623
1 1 1663686691.961358
0 7 1663686692.962649
11 3 77 1663686693.965028
1 1 1663686698.973552
1 1 1663686705.986394
0 7 1663686706.988196
1 1 1663686720.011642
0 7 1663686721.013695
11 3 77 1663686813.180489
1 1 1663686818.188622
0 7 1663686819.191223
11 3 77 1663686820.193223
1 1 1663686825.201966
0 7 1663686826.203989
11 3 77 1663686827.206317
1 1 1663686832.214577
0 7 1663686833.216217
11 3 77 1663686834.218608
1 1 1663686839.226988
0 7 1663686840.229146
11 3 77 1663686841.231164
1 1 1663686846.239822
0 7 1663686847.241906
11 3 77 1663686848.243413
1 1 1663686853.252268
0 7 1663686854.25455
11 3 77 1663686855.256278
1 1 1663686860.264749
0 7 1663686861.26702
11 3 77 1663686862.269325
1 1 1663686867.277504
0 7 1663686868.280159
11 3 77 1663686869.281686
1 1 1663686874.290386
0 7 1663686875.292699
11 3 77 1663686876.295183
1 1 1663686881.302982
0 7 1663686882.305546
11 3 77 1663686883.307165
1 1 1663686888.316338
0 7 1663686889.317709
11 3 77 1663686890.319929
