0 5 1736433384.929858
0 5 1736433389.935155
0 5 1736433394.940691
0 5 1736433399.946288
0 5 1736433404.95136
0 5 1736433409.957159
0 5 1736433414.962981
0 5 1736433419.969256
0 5 1736433424.975146
0 5 1736433429.97993
0 5 1736433434.986242
0 5 1736433439.991977
0 5 1736433444.997224
0 5 1736433450.003086
0 5 1736433455.009475
0 5 1736433460.014761
0 5 1736433465.0198
0 5 1736433470.025604
0 5 1736433475.031645
0 5 1736433480.037577
0 5 1736433485.043499
0 5 1736433490.048522
0 5 1736433495.055029
0 5 1736433500.060607
0 5 1736433505.065335
0 5 1736433510.071633
0 5 1736433515.077441
0 5 1736433520.082856
0 5 1736433525.08788
0 5 1736433530.093913
0 5 1736433538.585423
0 5 1736433543.590896
0 5 1736433548.596582
0 5 1736433553.602714
0 5 1736433558.608418
0 5 1736433563.614704
0 5 1736433568.620255
8 1 5 1736433578.54344
10 107 1736433578.544834
11 1 208 1736433578.745231
12 1736433578.747733
9 4 1736433588.752983
0 5 1736433588.756484
0 5 1736433593.761943
0 5 1736433598.766993
0 5 1736433603.772397
0 5 1736433608.777989
0 5 1736433613.783182
0 5 1736433618.789177
0 5 1736433623.793249
0 5 1736433628.798592
0 5 1736433633.804344
0 5 1736433645.471535
0 5 1736433650.477477
0 5 1736433655.482922
0 5 1736433660.489049
0 5 1736433665.495248
8 1 5 1736433673.682748
10 80 1736433673.68483
11 1 155 1736433673.884533
9 2 1736433687.863927
0 5 1736433687.866527
8 1 5 1736433691.320186
10 4 1736433691.321646
9 3 1736433691.323651
0 5 1736433692.871129
0 5 1736433697.877228
0 5 1736433702.882779
0 5 1736433707.888486
0 5 1736433712.894956
0 5 1736433717.900874
0 5 1736433722.90552
0 5 1736433727.911484
0 5 1736433732.917561
0 5 1736433737.922632
0 5 1736433742.92901
0 5 1736433747.934492
0 5 1736433752.939774
0 5 1736433757.945145
0 5 1736433762.950974
0 5 1736433767.957039
0 5 1736433772.96331
0 5 1736433777.968464
0 5 1736433782.973815
0 5 1736433787.979531
0 5 1736433792.986279
8 1 5 1736433800.626924
10 106 1736433800.628933
11 1 207 1736433800.827931
9 2 1736433811.152202
0 5 1736433811.155223
0 5 1736433825.302108
0 5 1736433830.307891
8 1 5 1736433838.349734
10 106 1736433838.350703
11 1 101 1736433838.552712
9 2 1736433849.547581
0 5 1736433849.550635
0 5 1736433854.55681
0 5 1736433859.562403
0 5 1736433864.567947
0 5 1736433869.5724
0 5 1736433874.577822
